101369
101933
106457
107152
110558
118576
121508
125828
131603
133760
136393
153203
153923
154872
156933
157268
157953
162326
162773
163944
170555
171436
181379
184110
190236
195632
197144
198860
203139
203771
217123
221167
221170
229275
239394
241259
243070
243090
247679
248925
250630
254609
255334
255888
263313
263457
265430
267341
268167
272868
275196
276378
277959
278376
283836
284392
287090
288069
289942
297351
304450
304632
306932
311969
313920
315238
315507
323616
330314
332641
332804
333287
338356
344716
346227
348211
349303
349528
351679
354312
359509
360430
361528
368240
372805
373485
374724
378128
383598
384664
386931
388504
388994
391950
395138
397788
397798
403843
409313
412015
416404
417641
418262
419476
420415
423742
424257
431915
433495
437171
440272
442319
443303
445370
445406
446378
451920
453919
455918
458647
459089
459503
470979
476430
479724
479755
480418
483576
487354
488198
489017
491670
494296
499286
502451
503817
508093
509719
516622
526732
530494
531380
536951
537902
547425
549582
551057
555416
555520
555838
555853
561309
567155
567704
568253
572246
572897
576259
577616
578603
581011
583083
583846
585924
588660
589703
590295
592957
595887
596247
599533
601427
604067
607994
611651
613234
617096
619185
624580
629676
630044
630461
630940
646335
657604
658608
660829
671615
672040
674972
676824
678375
680154
686010
686582
692126
693774
702601
703393
704154
711117
717245
725650
731033
731693
732194
733665
734768
735365
737944
739230
748874
752952
753093
757701
760005
765126
768552
771509
774847
776382
788808
790340
794132
794893
799257
803158
803686
803773
809818
809991
810158
811898
827354
830354
832473
833476
837079
837509
841935
844031
845397
845948
853495
856004
862802
864497
867174
870481
872337
880988
884058
888890
894342
900534
904090
905405
913487
921651
923243
927933
935893
936459
936860
944210
946728
946847
949118
958301
961074
961933
964452
965343
966161
969364
971479
972034
972489
974728
976470
980978
981830
988461
988528
991298
994269
995626
