1000046
1008398
1010301
1015737
1018754
1020025
1024436
1026328
1027051
1027206
1027514
1027895
1028068
1036807
1036911
1037166
1042037
1050923
1051834
1055443
1055520
1058936
1063257
1065081
1067000
1069325
1070310
1072403
1079313
1093461
1093796
1099249
1102439
1103437
1106942
1108293
1114501
1114615
1117682
1120981
1125195
1129789
1135178
1144070
1146428
1148975
1157831
1159138
1160432
1163890
1164531
1167963
1171938
1172749
1176796
1176831
1180456
1181615
1189700
1196120
1199803
1207461
1208319
1215103
1215173
1216899
1217460
1217802
1224464
1225613
1226642
1231570
1231870
1232828
1233383
1240404
1241734
1243623
1247031
1248102
1248207
1254726
1258763
1260834
1261174
1265897
1271728
1272123
1273164
1273217
1275452
1280968
1281522
1290496
1292998
1294181
1295091
1301810
1304440
1305483
1305924
1314142
1315301
1316236
1322926
1323282
1324502
1324730
1334088
1335247
1338298
1342389
1344592
1346012
1347134
1352913
1360845
1363799
1365924
1367228
1367548
1369625
1369685
1373409
1383561
1383881
1384937
1385758
1391846
1395673
1396857
1400454
1402538
1402935
1407249
1409679
1417258
1418944
1419231
1420026
1424334
1425559
1431307
1432574
1435491
1438589
1440352
1440606
1442474
1442937
1443308
1451468
1455435
1464975
1468225
1471184
1472994
1477683
1477811
1477959
1480319
1482228
1483414
1483810
1490055
1496727
1498697
1507048
1508801
1511348
1513716
1515549
1515876
1517489
1518130
1523381
1527014
1529079
1533639
1543492
1552799
1553224
1559874
1560833
1562517
1567949
1568735
1569757
1569765
1573746
1574167
1574423
1578402
1580258
1580866
1585656
1588015
1589147
1593516
1595773
1598855
1601134
1601199
1606688
1607906
1608942
1611721
1618742
1619083
1620488
1621854
1633177
1633344
1634612
1635919
1642577
1649014
1650066
1650661
1655397
1656391
1658721
1659131
1662453
1662712
1663864
1669037
1669071
1670913
1671599
1671945
1674573
1675080
1675980
1685189
1686306
1686348
1688776
1693450
1697787
1698252
1698505
1698973
1699990
1700498
1706330
1707200
1710529
1710773
1714811
1723222
1723277
1724275
1727501
1729503
1732641
1739486
1748897
1751629
1752606
1757510
1759140
1759672
1760745
1762688
1763201
1763486
1765217
1766869
1780952
1783300
1784742
1785280
1786374
1787226
1789109
1790005
1791769
1793278
1797453
1799661
1802262
1806010
1806650
1806994
1807296
1817959
1819235
1821194
1821327
1822914
1824952
1826104
1826210
1827528
1848133
1849941
1850538
1850960
1858477
1862221
1865682
1870240
1874586
1878134
1880216
1882886
1890869
1892389
1904410
1905485
1911370
1913158
1913167
1913335
1914006
1914422
1919127
1919953
1943870
1944351
1946408
1949347
1950689
1952202
1952568
1959180
1960115
1960232
1964032
1965819
1966035
1970942
1971829
1978850
1981707
1983037
1990933
1993659
1993675
1995488
1995996
1996958
2002353
2008214
2008301
2009257
2013530
2018424
2020094
2020903
2021936
2025124
2029198
2036734
2041070
2041912
2042381
2045785
2046121
2050240
2057582
2057825
2062127
2062716
2066261
2070108
2071037
2072284
2076951
2077625
2078710
2080766
2085646
2087501
2088494
2089335
2091744
2095662
2102358
2105061
2105355
2107629
2112409
2118065
2120002
2121890
2125961
2126119
2130005
2136293
2138660
2139475
2140718
2142015
2142992
2145497
2150440
2150840
2152249
2155397
2156076
2156894
2160327
2164289
2166494
2178568
2179079
2181388
2181880
2183957
2184758
2185015
2193195
2197571
2199954
2204134
2207967
2211394
2218559
2219884
2221429
2223403
2234088
2242720
2250618
2251822
2255952
2260068
2260705
2262463
2262852
2269680
2269711
2271947
2273499
2276706
2277850
2280055
2282104
2285651
2293561
2294591
2297643
2298560
2298688
2305924
2306059
2313521
2319248
2323504
2327130
2327956
2328512
2329391
2329760
2332139
2335469
2335521
2342671
2346792
2347189
2354037
2354477
2354836
2355144
2356316
2359739
2375208
2376104
2377265
2378083
2378361
2380595
2391663
2394316
2406376
2412176
2415230
2416082
2416708
2416719
2416962
2418002
2420898
2422388
2424112
2424756
2425382
2428212
2429787
2435356
2438730
2439493
2440246
2443940
2444413
2446055
2446220
2447538
2451219
2457797
2458503
2463302
2464575
2468819
2471213
2473589
2475634
2476251
2477840
2485845
2487839
2493996
2497010
2502532
2504509
2505843
2509944
2510531
2516005
2516071
2518519
2519094
2520634
2525104
2525569
2530687
2532708
2534440
2535562
2536780
2536836
2539331
2539463
2542711
2542800
2551732
2551902
2554180
2554498
2556982
2563756
2566680
2567953
2574430
2576859
2578733
2581413
2582523
2586316
2586794
2590357
2590746
2592674
2593483
2599438
2609003
2610326
2612542
2612945
2613953
2618610
2619078
2620327
2622208
2624105
2626002
2627735
2627765
2631703
2640248
2643651
2645082
2649171
2651025
2653502
2658637
2667194
2668872
2670773
2672060
2673025
2674203
2674468
2674976
2675769
2677796
2694756
2694963
2696982
2699095
2699438
2702537
2702566
2708563
2709672
2715642
2720860
2723522
2733799
2735266
2735392
2736915
2736989
2742315
2745215
2746055
2746167
2748405
2748572
2750709
2754637
2759089
2760214
2760756
2764368
2768466
2770769
2773067
2773995
2775258
2775632
2776080
2776450
2778048
2779116
2779787
2784559
2785658
2795491
2796441
2796666
2797256
2797924
2799251
2813058
2814307
2819132
2820212
2826045
2828761
2830297
2833472
2835579
2847861
2852549
2853174
2855683
2862165
2864417
2867479
2868724
2870956
2878326
2884838
2886901
2887235
2890674
2891366
2893533
2894060
2900198
2900743
2904072
2906488
2906568
2909797
2912218
2913186
2913888
2918205
2921066
2921818
2922195
2925395
2929850
2938065
2951000
2955873
2956540
2958804
2959505
2961771
2966208
2969507
2971773
2974770
2975517
2980329
2983904
2986838
2987609
2990436
2995156
2996039
3001813
3006114
3009857
3015628
3016916
3020512
3021920
3023743
3024044
3028826
3030747
3034924
3037860
3039051
3039144
3045672
3046426
3047137
3049271
3058317
3062811
3063972
3067998
3068392
3072485
3072855
3073121
3076916
3079811
3080897
3081827
3081897
3082161
3083360
3091023
3103673
3104719
3105408
3106765
3109150
3109709
3110068
3111227
3117140
3118430
3118455
3119110
3120507
3121218
3121416
3125521
3126526
3129312
3130194
3132757
3133069
3136422
3140022
3140948
3142147
3142962
3151568
3151892
3152454
3153145
3154030
3154970
3156414
3157462
3158797
3163049
3163905
3164630
3168142
3176429
3179066
3182002
3182795
3187559
3202801
3207365
3209251
3209410
3210867
3211018
3211621
3212823
3219176
3225458
3227602
3236398
3237464
3237679
3245340
3247295
3254061
3260408
3262089
3262644
3264154
3266752
3267647
3273313
3275443
3275505
3276671
3277565
3286226
3287636
3289609
3299545
3300887
3301626
3306791
3317731
3321583
3322269
3325120
3326679
3329721
3334127
3336397
3337924
3340338
3340574
3341166
3341732
3345604
3347323
3351731
3357017
3357983
3358789
3361599
3363597
3370991
3378749
3381744
3382359
3389947
3396950
3398780
3399221
3402317
3407149
3408014
3411151
3414437
3428843
3445426
3448232
3463902
3467987
3472731
3474899
3477447
3482585
3487172
3493486
3499577
3504216
3507581
3510664
3520262
3523605
3524811
3524946
3531182
3540586
3543105
3545281
3551436
3551913
3554843
3558015
3560226
3566443
3568149
3572626
3572693
3575410
3581776
3587405
3597232
3597520
3602178
3612268
3619407
3624134
3625476
3627084
3629195
3639443
3644032
3646147
3660000
3661443
3665556
3665557
3672368
3673483
3675199
3678833
3679570
3680429
3683851
3696917
3703910
3705591
3709372
3712144
3713648
3723193
3724957
3726003
3727626
3728262
3730909
3732437
3733819
3739138
3740260
3740463
3741054
3750753
3751991
3751995
3755364
3758089
3758103
3759804
3760576
3762970
3767092
3767334
3767982
3771125
3773256
3774723
3776663
3780429
3782618
3783396
3785931
3789338
3791782
3801834
3804457
3806985
3808918
3812797
3813456
3813777
3815445
3826504
3829909
3840021
3842966
3843707
3844557
3846775
3857382
3859977
3866837
3868212
3871485
3872705
3873318
3873475
3878280
3880751
3881511
3894957
3896158
3898033
3898729
3899503
3899919
3904271
3904348
3907644
3907725
3910502
3910613
3912095
3915830
3916904
3917068
3918063
3918858
3918926
3919035
3919367
3926821
3931420
3932248
3933190
3943234
3943917
3948196
3948698
3952285
3955449
3957639
3960235
3960618
3961776
3962192
3965555
3969464
3976925
3981239
3982346
3982667
3990698
3998433
3999637
4005770
4006963
4008396
4009730
4011223
4012424
4016814
4016847
4020220
4025192
4026779
4027851
4030018
4034041
4035322
4039878
4053932
4054217
4055029
4056156
4065645
4066572
4069743
4078274
4079713
4080241
4084294
4085787
4086144
4087365
4089588
4093397
4103384
4103868
4106792
4123402
4129991
4130189
4131647
4133252
4135680
4137258
4138487
4141237
4144552
4152697
4157388
4162457
4162554
4172732
4175726
4177353
4181014
4189915
4190736
4195086
4195615
4201059
4205682
4206453
4210249
4214192
4217812
4222129
4226265
4226771
4227734
4228332
4229124
4229164
4230160
4236943
4237382
4238236
4243237
4243852
4244259
4245382
4246011
4248139
4250270
4250832
4252879
4254521
4267608
4268740
4270230
4271447
4275143
4276846
4286190
4288151
4288469
4289079
4290064
4295686
4298679
4300139
4302400
4304977
4305993
4308482
4311522
4312702
4321248
4324563
4333845
4335633
4345914
4347091
4350670
4360109
4365794
4372263
4372538
4373055
4376053
4376646
4378142
4380913
4398177
4400585
4403117
4406102
4407082
4415117
4418062
4425953
4427731
4427985
4428584
4431848
4433696
4434821
4435736
4435879
4438433
4441938
4448166
4448663
4449468
4456427
4463769
4466485
4470840
4482443
4488071
4489031
4491144
4492437
4507231
4509167
4509840
4513778
4514135
4514744
4515030
4520898
4524463
4524827
4535722
4536279
4538104
4541823
4542069
4543789
4544178
4545239
4548236
4549963
4551108
4558052
4560779
4565257
4569823
4580517
4581196
4588184
4589131
4590970
4592669
4593089
4594771
4597724
4604817
4608508
4609105
4609272
4614887
4616125
4616454
4621665
4624741
4627659
4633475
4634495
4637421
4637462
4638388
4640959
4649640
4662337
4663124
4663477
4665872
4667296
4668767
4669848
4670782
4674346
4676160
4678822
4683899
4684178
4688536
4689373
4690690
4695885
4706277
4707385
4709932
4712055
4720530
4725039
4732640
4735343
4735912
4737443
4740145
4742025
4745540
4748531
4749335
4755383
4758188
4759988
4760632
4762610
4767740
4767898
4770412
4772476
4778139
4778949
4783843
4790204
4791483
4792114
4792628
4793650
4795682
4796356
4798698
4808246
4811009
4812067
4814031
4814502
4818246
4820567
4835163
4836802
4839584
4841929
4848275
4858961
4861528
4865631
4867273
4870391
4872513
4872542
4876381
4878454
4880039
4882167
4885004
4889136
4889357
4890927
4893147
4897358
4900200
4900669
4902836
4911950
4912474
4914629
4916025
4922545
4927793
4927834
4928415
4929415
4934878
4939068
4940456
4940483
4941523
4942369
4947801
4955192
4957438
4962665
4966718
4967208
4968950
4972418
4976857
4978756
4981792
4984411
4986730
4987202
4987784
4988196
4988633
4989892
4994649
4997690
5003105
5004102
5007933
5008429
5012771
5013387
5014648
5018931
5019806
5023508
5024116
5027628
5033052
5047623
5048961
5050411
5050982
5052627
5054144
5057353
5057967
5058621
5061204
5065831
5075553
5076138
5078775
5086117
5086150
5087924
5091913
5097461
5105772
5106319
5111931
5115249
5116909
5118472
5120191
5121816
5123780
5128635
5135970
5136571
5137670
5138848
5140079
5141609
5141689
5143725
5147376
5148703
5154849
5155489
5157130
5157874
5163936
5164220
5167915
5169469
5169877
5169989
5171395
5173350
5173594
5177823
5178798
5180107
5180616
5181942
5185361
5186146
5187627
5190677
5192247
5196858
5202034
5206108
5209944
5210688
5211133
5213905
5218475
5219008
5222976
5230812
5233613
5235373
5241398
5241826
5247193
5248918
5255017
5260590
5262267
5267296
5270762
5271422
5274961
5275633
5276734
5277663
5278886
5283973
5286293
5291096
5294808
5295460
5297448
5298410
5298790
5298844
5305477
5305665
5306930
5307376
5308531
5308747
5310281
5311135
5314126
5318184
5322079
5335623
5335773
5335924
5343070
5350515
5359350
5362859
5365706
5367651
5371997
5374854
5376258
5380121
5383201
5385054
5385812
5386654
5391396
5392987
5393602
5404231
5404991
5406829
5407619
5414553
5417413
5419729
5422623
5425184
5428886
5434758
5441491
5443146
5446892
5451557
5454346
5454788
5455595
5457639
5459555
5463915
5466986
5472918
5473607
5480982
5488558
5490539
5490794
5491965
5492559
5495716
5497803
5503118
5507612
5510859
5511594
5519307
5520898
5525157
5539492
5539804
5541829
5546714
5551350
5554352
5555873
5560697
5562994
5565281
5570957
5574711
5577214
5577766
5584434
5587837
5589524
5589660
5589851
5597514
5598707
5599853
5602602
5608484
5609222
5609544
5613628
5614136
5614920
5619184
5620229
5622587
5622882
5624667
5628521
5629590
5633022
5634917
5636785
5638432
5639638
5644188
5649240
5650193
5655857
5658632
5664889
5665969
5668157
5669601
5671086
5676151
5681421
5681626
5683074
5685257
5685818
5686340
5689060
5689099
5689838
5690514
5695758
5696376
5704252
5706898
5707454
5713163
5717000
5717053
5718426
5725518
5727976
5729220
5737761
5740136
5742899
5748913
5751795
5756053
5771411
5774741
5774986
5775906
5775970
5789852
5790563
5790872
5795569
5798801
5799459
5803545
5804102
5809512
5813228
5813593
5818039
5821386
5824420
5825027
5829034
5831295
5837755
5838075
5840279
5843086
5848178
5856711
5856785
5859742
5862627
5863885
5865943
5866019
5867054
5874626
5875168
5881163
5887629
5887900
5893788
5895095
5897198
5897708
5901469
5906721
5907137
5914799
5921250
5921811
5925536
5926022
5936632
5937116
5937244
5937676
5944926
5948396
5949710
5950646
5954338
5960980
5964134
5966047
5970031
5970781
5973690
5975787
5976363
5999054
6014324
6015215
6016137
6019750
6025049
6026940
6028118
6028494
6028512
6033602
6037241
6037598
6041763
6042796
6042991
6049457
6051753
6052926
6053138
6057880
6060202
6062263
6062599
6064934
6066735
6075166
6075591
6078227
6081614
6086573
6087144
6088201
6091605
6095352
6096409
6099877
6100336
6105383
6108382
6111725
6112486
6116558
6116633
6122945
6129107
6129137
6130888
6132388
6136721
6144123
6145493
6167599
6172005
6173851
6179705
6184481
6184930
6185572
6186838
6190033
6192024
6193443
6198489
6200133
6204328
6204370
6206396
6208019
6208301
6211382
6212706
6213067
6213082
6217024
6218715
6226091
6231099
6234322
6236085
6243722
6246361
6247978
6250046
6253813
6256266
6262419
6262465
6264877
6266995
6268908
6270719
6277718
6285697
6286266
6287455
6291575
6293870
6296459
6299666
6300782
6303628
6318137
6318219
6321012
6329408
6333987
6335272
6340828
6342466
6348838
6354063
6355792
6369895
6370402
6389220
6395705
6397897
6406030
6407348
6407963
6409230
6414551
6414951
6415413
6415867
6418164
6419323
6423426
6423952
6425107
6427258
6427980
6429873
6431550
6431947
6432763
6435615
6436249
6441645
6444416
6444585
6444973
6448558
6461390
6464542
6465370
6467475
6468513
6472135
6480424
6485140
6486317
6487515
6487657
6489746
6496722
6499003
6499208
6507401
6509479
6515334
6521110
6522006
6525626
6527740
6529622
6530500
6533692
6539078
6542096
6543722
6549939
6559552
6568116
6570072
6571104
6571722
6571991
6572253
6576384
6577403
6577408
6584937
6591978
6600945
6606229
6606394
6613797
6616191
6619559
6620450
6631642
6633501
6634012
6636901
6640612
6645549
6645575
6649951
6655257
6657850
6661801
6664276
6664883
6664956
6667966
6668418
6692802
6693536
6693980
6695967
6698357
6699206
6708832
6713204
6713226
6713647
6714599
6716343
6720302
6725973
6727993
6730145
6733226
6734465
6735169
6737418
6744383
6745097
6748286
6750957
6752531
6762695
6767149
6768311
6771024
6773372
6775198
6776052
6778666
6781398
6785197
6790060
6794591
6803365
6803721
6808328
6810033
6817208
6819329
6820859
6822152
6823540
6824363
6825011
6827007
6835851
6836545
6839823
6841040
6842187
6849260
6853068
6857809
6861250
6863297
6866102
6866903
6868750
6872437
6876215
6878331
6879552
6884377
6886299
6887088
6887722
6888783
6895589
6896604
6897061
6898594
6898657
6903514
6904381
6908329
6911329
6911434
6917056
6918335
6920583
6922846
6924304
6926454
6926895
6927751
6935182
6936605
6939299
6942749
6950963
6962628
6963460
6970397
6970398
6970801
6973384
6974053
6974880
6978448
6978450
6981914
6986241
6989140
6991945
6995027
6996322
6997511
7001203
7008825
7011572
7015757
7016425
7017160
7026637
7027066
7032810
7036543
7041238
7043537
7048115
7053028
7055893
7055986
7062251
7063380
7063916
7066338
7066826
7071419
7076570
7077367
7080520
7087734
7087805
7090136
7090313
7090341
7090364
7097478
7098948
7102821
7109949
7117707
7118088
7118953
7118986
7119346
7121902
7129709
7132065
7135964
7143949
7147224
7157708
7161030
7162436
7162460
7163466
7168465
7168806
7171281
7173684
7177335
7178742
7181517
7185548
7185695
7186350
7193286
7194355
7195206
7195447
7195997
7200970
7201531
7206251
7209469
7209659
7211061
7220003
7223405
7225310
7232131
7233494
7233547
7235300
7235331
7241643
7243609
7248908
7255297
7258346
7264611
7265665
7267509
7268612
7268868
7269794
7280024
7285502
7286227
7297180
7301920
7304560
7305299
7306766
7307210
7314585
7316737
7317604
7329092
7333302
7333979
7340679
7346972
7351863
7360172
7361577
7364715
7365272
7367254
7374334
7374580
7379941
7381154
7381298
7383692
7384494
7387535
7388124
7389845
7391290
7396387
7397098
7397951
7404618
7406013
7407446
7409702
7411880
7412401
7413422
7414673
7417460
7417531
7422121
7426376
7431132
7435425
7439098
7446139
7447132
7448040
7450337
7450633
7451379
7463008
7464304
7464544
7465397
7473876
7475004
7477138
7477449
7479201
7480282
7482311
7482853
7485270
7486628
7488954
7493531
7498739
7498947
7500810
7501330
7506469
7512411
7513445
7517569
7522498
7525143
7526383
7546063
7547378
7551466
7553700
7554638
7557222
7559613
7564847
7566476
7569705
7578563
7578565
7580383
7582485
7584038
7586796
7587424
7592616
7596209
7600178
7612608
7617128
7622645
7623301
7628293
7630572
7641208
7643183
7644264
7650065
7650813
7653950
7655352
7655440
7659446
7661747
7663829
7664327
7665319
7668381
7671656
7672474
7680882
7682444
7690717
7692433
7694877
7702252
7703470
7711030
7712989
7717537
7717676
7718711
7723886
7725279
7725670
7729527
7732030
7734452
7735113
7735374
7740019
7747081
7748946
7752874
7754203
7764553
7765137
7769785
7771946
7772094
7772627
7774116
7775974
7783321
7786580
7789311
7790536
7793196
7793829
7796369
7801916
7804207
7804698
7805254
7807022
7816561
7825980
7827738
7828295
7829310
7832647
7834860
7835170
7838146
7839923
7844807
7849191
7856596
7857272
7857841
7862773
7864323
7865303
7867428
7868151
7870799
7880365
7881400
7885090
7885409
7887651
7895002
7896116
7896601
7904243
7904748
7912735
7914010
7919711
7919892
7920594
7921588
7925618
7926257
7929246
7934234
7935482
7957976
7961355
7963744
7965833
7966358
7968743
7977510
7980511
7987290
7988385
7998579
8006377
8006772
8007732
8014662
8015808
8017227
8018520
8018595
8019256
8019567
8021254
8021592
8029349
8029975
8030419
8033259
8033377
8036097
8040837
8043232
8044414
8048199
8051455
8054688
8058135
8062018
8062209
8063103
8067899
8073547
8086520
8090287
8093374
8095779
8096421
8097873
8097980
8100930
8106346
8108079
8109341
8115794
8116157
8119140
8119377
8122617
8126283
8126928
8128637
8130134
8131258
8134915
8141516
8149538
8150380
8153512
8158903
8163318
8165175
8166427
8169625
8169699
8170167
8173291
8173916
8179777
8180469
8180664
8185890
8186360
8188984
8191164
8193047
8198367
8198500
8203803
8206494
8207349
8213388
8213438
8215432
8219098
8219105
8219415
8221932
8222186
8223296
8227228
8229077
8229463
8233924
8236121
8238079
8241762
8242501
8246899
8249257
8250305
8251131
8256413
8258805
8260114
8263081
8268934
8273165
8275405
8278533
8286499
8288804
8291007
8307355
8313137
8318983
8323666
8326254
8332102
8334714
8343417
8350310
8351459
8351669
8353097
8353774
8359059
8363723
8366240
8366433
8366695
8368403
8368857
8372948
8374486
8378528
8379193
8380043
8381744
8383719
8391179
8391747
8392211
8395730
8398029
8404327
8407239
8407609
8415194
8415289
8417092
8417226
8417634
8419684
8420198
8420716
8421741
8427284
8436075
8437014
8443870
8451623
8456652
8457437
8457947
8462772
8465424
8467463
8471989
8473290
8479658
8480218
8485499
8487513
8490048
8492020
8500461
8502916
8505231
8505624
8508201
8511823
8512377
8512953
8515385
8516527
8517921
8523589
8528049
8536713
8537150
8537737
8538080
8538961
8539124
8543363
8553134
8564969
8566730
8567420
8570120
8570574
8574546
8575381
8576288
8578634
8581866
8581947
8582858
8584541
8585166
8586594
8587176
8587628
8596088
8599756
8602361
8605831
8606718
8609334
8612221
8621774
8624549
8624851
8625990
8627675
8628162
8628942
8629287
8630078
8634740
8637650
8640227
8644323
8648626
8650963
8651650
8654240
8662150
8663992
8670800
8672114
8675327
8678128
8685350
8685958
8688503
8689401
8693947
8706336
8707069
8709663
8710472
8712505
8715298
8728975
8731631
8732749
8734794
8735482
8736609
8740856
8742835
8743659
